1 1   0.000000000000000e+00
2 1   2.576485950840313e-12
3 1  -9.275722528322051e+00
4 1  -1.781547807930607e+01
5 1  -1.836720412129949e+01
6 1  -1.557870989265651e+01
7 1  -9.448461514438579e+00
8 1  -2.071494582903556e+00
9 1   4.441409565831661e+00
10 1   9.184118533552901e+00
11 1   9.946155854665687e+00
12 1  -4.243503457563099e+00
13 1  -1.797878244998946e+01
14 1  -3.382057916125432e+01
15 1  -3.771655286748958e+01
16 1  -4.288849471336282e+01
17 1  -4.994025032215276e+01
18 1  -3.164477310185318e+01
19 1  -3.235942838666424e+01
20 1  -3.752895554558758e+01
21 1  -4.276690983728442e+01
22 1  -4.602589039416156e+01
23 1  -4.761187776347476e+01
24 1  -4.764423783211635e+01
25 1  -4.672151045478391e+01
26 1  -4.712499833218796e+01
27 1  -4.810235930969520e+01
28 1  -4.896451806858035e+01
29 1  -4.878574765687132e+01
30 1  -4.694431740386192e+01
31 1  -4.245400586208694e+01
32 1  -3.633196224464911e+01
33 1  -2.989168629452987e+01
34 1  -2.413575589446571e+01
35 1  -1.907082371811517e+01
36 1  -1.522216000783651e+01
37 1  -1.251130138579264e+01
38 1  -1.016412442776368e+01
39 1  -7.549925497607604e+00
40 1  -4.836935745610386e+00
41 1   6.309000797413365e+00
42 1   1.517905269508510e+01
43 1   2.090903698310547e+01
44 1   2.411348895006488e+01
45 1   2.590315605820742e+01
46 1   2.492069139127611e+01
47 1   2.233634916200771e+01
48 1   1.861997205473939e+01
49 1   2.047771879725207e+01
50 1   1.249599852808094e+01
51 1   8.592173284581936e+00
52 1   8.012676461004807e+00
53 1   8.235769921569606e+00
54 1   8.581437578066160e+00
55 1   8.379405731136803e+00
56 1   6.929925014108434e+00
57 1   3.783616842593323e+00
58 1  -5.485704664713270e-02
59 1  -3.673937231321815e+00
60 1  -7.958507948552288e+00
61 1  -1.058871173239701e+01
62 1  -1.291547883259981e+01
63 1  -1.532427432737085e+01
64 1  -1.711766195287727e+01
65 1  -1.958575611407459e+01
66 1  -2.276960035916792e+01
67 1  -2.743014064904465e+01
68 1  -3.363245283787207e+01
69 1  -3.818129742451674e+01
70 1  -3.857731379629567e+01
71 1  -4.054748016344919e+01
72 1  -4.150946720715829e+01
73 1  -4.306061815897394e+01
74 1  -4.833139313345531e+01
75 1  -5.495305685639439e+01
76 1  -6.011636267738884e+01
77 1  -6.160177190247183e+01
78 1  -5.974037723675647e+01
79 1  -5.342085077802778e+01
80 1  -4.444743972180893e+01
81 1  -3.523082292769635e+01
82 1  -2.698137722689178e+01
83 1  -1.947112604329809e+01
84 1  -1.397901009639137e+01
85 1  -1.095112820028962e+01
86 1  -8.218003264981157e+00
87 1  -4.706797255338112e+00
88 1  -2.606035232536188e+00
89 1  -1.436064299807811e+00
90 1  -2.709241586418697e+00
91 1   5.072287771023709e-02
92 1   4.211332824296193e+00
93 1   6.086231066472370e+00
94 1   6.898213909991370e+00
95 1   6.661141808411833e+00
96 1   6.255165557952321e+00
97 1   6.770357906637856e+00
98 1   1.139077466880114e+01
99 1   1.393996198288183e+01
100 1   1.527321102500319e+01
101 1   1.736634646193183e+01
102 1   1.989365905057159e+01
103 1   2.045119584243912e+01
104 1   1.983983727260177e+01
105 1   1.736115957009853e+01
106 1   1.443378024148210e+01
107 1   9.175677487279120e+00
108 1   3.003123414796728e+00
109 1  -8.291233231106870e-02
110 1  -2.743978706432848e+00
111 1  -5.305547933952434e+00
112 1  -7.684635090350202e+00
113 1  -9.965994270995163e+00
114 1  -1.186075507873577e+01
115 1  -1.791228376608787e+01
116 1  -2.417548372583036e+01
117 1  -3.395754013600250e+01
118 1  -4.369231209296431e+01
119 1  -3.147328064149358e+01
120 1  -2.899718937481892e+01
121 1  -3.550865013404560e+01
122 1  -4.145176114662241e+01
123 1  -5.001943392398531e+01
124 1  -5.956119017365923e+01
125 1  -5.949843881942272e+01
126 1  -5.720151168267205e+01
127 1  -5.051695824113833e+01
128 1  -4.352203761563710e+01
129 1  -2.964961493546811e+01
130 1  -1.499262167831375e+01
131 1  -1.085948469625696e+01
132 1  -9.782118130677649e+00
133 1  -6.655356823729022e+00
134 1  -2.738231897091957e+00
135 1   1.980058174026722e-01
136 1   2.987184216303330e+00
137 1   7.574738830860202e+00
138 1   1.249859441503966e+01
139 1   2.957442300525750e+01
140 1   5.008137688869113e+01
141 1   5.160998307841642e+01
142 1   4.951408556509087e+01
143 1   4.528863520455343e+01
144 1   4.051905086654737e+01
145 1   4.547313682230764e+01
146 1   5.268617180021621e+01
147 1   5.381718407907267e+01
148 1   5.577305270284016e+01
149 1   5.501921752538301e+01
150 1   5.527219783177337e+01
151 1   5.483121556842208e+01
152 1   5.409077423882356e+01
153 1   5.121085894635603e+01
154 1   4.847901878435214e+01
155 1   4.445808503080944e+01
156 1   3.414394012274149e+01
157 1   2.087673284626407e+01
158 1   9.601052736832033e+00
159 1   1.193279533209858e+00
160 1  -4.363390165953724e+00
161 1  -6.612228459042400e+00
162 1  -1.287396418203103e+01
163 1  -1.977482585610379e+01
164 1  -2.584695295111725e+01
165 1  -1.760556146951487e+01
166 1  -9.057639367568461e+00
167 1  -1.181141824470008e+01
168 1  -1.550605003689485e+01
169 1   2.624254598378234e+00
170 1   3.755904780262861e+01
171 1   1.470408495007491e+01
172 1  -6.296064969485057e+01
173 1  -7.846855816646602e+01
174 1  -8.984677799326876e+01
175 1  -8.209715391735968e+01
176 1  -6.978489086270389e+01
177 1  -5.675298956061271e+01
178 1  -4.201522957173262e+01
179 1   3.546630606807762e+00
180 1   4.633699142653706e+00
181 1   1.971314569502626e+01
182 1   3.852175674054115e+01
183 1   4.390509362724943e+01
184 1   4.584059688724552e+01
185 1   4.831268748393528e+01
186 1   5.096339333544889e+01
187 1   4.994485584736342e+01
188 1   4.801837685654276e+01
189 1   4.596318984095437e+01
190 1   4.429365526390516e+01
191 1   4.091423932767032e+01
192 1   3.690317294079672e+01
193 1   3.371826727419212e+01
194 1   3.443229570153544e+01
195 1   3.423012221261745e+01
196 1   3.372974631229305e+01
197 1   3.281356916540911e+01
198 1   3.217789874080049e+01
199 1   3.485154979792706e+01
200 1   3.829227818223325e+01
201 1   4.151957874535423e+01
202 1   4.445729720206787e+01
203 1   4.288707862275456e+01
204 1   3.208155642784678e+01
205 1   1.762153958914385e+01
206 1   2.201729112210540e+00
207 1  -1.277016253138538e+01
208 1  -2.595334932049910e+01
209 1  -3.602997713776964e+01
210 1  -4.519852077271273e+01
211 1  -5.459124797133887e+01
212 1  -6.363426981193579e+01
213 1  -7.122128238045009e+01
214 1  -7.827000715734827e+01
215 1  -7.787361799410763e+01
216 1  -7.699463176712663e+01
217 1  -7.252302938850738e+01
218 1  -6.865610086460690e+01
219 1  -7.325734558896526e+01
220 1  -7.912688111737951e+01
221 1  -7.861109747187103e+01
222 1  -7.741092076066884e+01
223 1  -6.693855796365466e+01
224 1  -5.597083296285608e+01
225 1  -4.487079675686373e+01
226 1  -3.428635523058871e+01
227 1  -2.519881595271701e+01
228 1  -1.667569222638778e+01
229 1  -3.069535492639688e+00
230 1   1.068668607240351e+01
231 1   1.813240914670592e+01
232 1   2.244476796304458e+01
233 1   2.582311117826346e+01
234 1   2.893733540706460e+01
235 1   3.209686558971469e+01
236 1   3.570180197681596e+01
237 1   3.812205565651281e+01
238 1   4.021145117330865e+01
239 1   4.218494252623474e+01
240 1   4.433122661572884e+01
241 1   5.076216022254326e+01
242 1   5.323987609114548e+01
243 1   5.404626260064683e+01
244 1   5.423970004137041e+01
245 1   5.389580999318898e+01
246 1   5.344171603524730e+01
247 1   5.120753631810734e+01
248 1   4.815901250318669e+01
249 1   4.618314658398442e+01
250 1   4.471106515421066e+01
251 1   3.559000770249776e+01
252 1   1.480006257832169e+01
253 1  -6.143003903754438e+00
254 1  -2.759001756685006e+01
255 1  -3.393453196902231e+01
256 1  -3.885742431993677e+01
257 1  -6.080325936747180e+01
258 1  -8.263828161541581e+01
259 1  -8.775982212770691e+01
260 1  -9.037891223426612e+01
261 1  -9.015954895024095e+01
262 1  -9.005810736715365e+01
263 1  -8.911621956242300e+01
264 1  -6.396248730305353e+01
265 1  -5.166841412108241e+01
266 1  -1.221728611551447e+01
267 1  -3.811437737697660e+00
268 1  -6.626968118356928e+00
269 1  -1.027376774002763e+01
270 1  -1.242330718492192e+01
271 1  -1.106659004183352e+01
272 1  -7.672096935708083e+00
273 1  -2.615206079168074e+00
274 1   2.432592069239404e+00
275 1   7.852774208776495e+00
276 1   1.333527755694846e+01
277 1   1.816240420068755e+01
278 1   2.269890616332805e+01
279 1   2.649905639399574e+01
280 1   2.856329821158338e+01
281 1   2.999461988981071e+01
282 1   3.126443218379299e+01
283 1   3.218522837010922e+01
284 1   3.300394327813907e+01
285 1   3.387370859384243e+01
286 1   3.476586822079826e+01
287 1   3.493680658047592e+01
288 1   3.486053172537032e+01
289 1   3.275804844605480e+01
290 1   2.499753728607721e+01
291 1   2.250139804306268e+01
292 1   2.298295242141383e+01
293 1   2.441904647724024e+01
294 1   2.603894073741841e+01
295 1   2.604918506053628e+01
296 1   2.586172551942213e+01
297 1   2.545620070998955e+01
298 1   2.506196489225121e+01
299 1   2.301018586477104e+01
300 1   1.803589619189728e+01
301 1   1.653379610018249e+01
302 1   1.461952413009240e+01
303 1   9.491876191594123e+00
304 1   3.006551890729392e+00
305 1  -5.456605054911142e+00
306 1  -1.397338705100543e+01
307 1  -1.115972997428510e+01
308 1  -5.400891712222849e+00
309 1  -3.210422160297945e+00
310 1  -2.180718379538302e+00
311 1  -1.647645530091853e+00
312 1  -1.317485223216682e+00
313 1   3.575922164521368e+00
314 1   8.724981576024959e+00
315 1   1.050042248594256e+01
316 1   1.043936965216437e+01
317 1   7.962566051703532e+00
318 1   4.248292777625799e+00
319 1   7.368148029654823e+00
320 1   1.107457040236408e+01
321 1   1.612077022412602e+01
322 1   2.135465324321645e+01
323 1   2.279594740220898e+01
324 1   2.309663780123534e+01
325 1   2.335164820252712e+01
326 1   2.368265376710892e+01
327 1   2.439563916805307e+01
328 1   2.533442151366281e+01
329 1   2.452749020438731e+01
330 1   2.412542171345669e+01
331 1   2.344712462413821e+01
332 1   2.485237485024136e+01
333 1   2.498321810502331e+01
334 1   2.431739741300591e+01
335 1   2.417459233393195e+01
336 1   2.431724516796606e+01
337 1   2.383977724908774e+01
338 1   2.574497983718060e+01
