1 1   0.000000000000000e+00
2 1   0.000000000000000e+00
3 1   1.042348911671372e+00
4 1   6.631932067744419e-01
5 1   4.787694122203193e-01
6 1   3.956307082691767e-01
7 1   3.476300593693417e-01
8 1   3.155259897507823e-01
9 1   2.910215271586790e-01
10 1   2.720346028331419e-01
11 1   2.558577566379987e-01
12 1   2.441386477061318e-01
13 1   2.339503381827950e-01
14 1   2.251262594166327e-01
15 1   2.182866579821571e-01
16 1   2.152981187941547e-01
17 1   2.045821741469181e-01
18 1   1.935569849254032e-01
19 1   2.778937595049820e-01
20 1   3.419112002935926e-01
21 1   4.010107469392675e-01
22 1   4.610240976418872e-01
23 1   5.241360054812473e-01
24 1   5.911717825139268e-01
25 1   6.591133385905049e-01
26 1   1.760144043746851e+00
27 1   2.882344059136098e+00
28 1   2.757765983785943e+00
29 1   2.574462072232785e+00
30 1   8.940944250318822e-01
31 1   8.904052459392350e-01
32 1   8.643931204311130e-01
33 1   8.195327243065399e-01
34 1   7.607111171808830e-01
35 1   6.951136902061347e-01
36 1   6.232595257152493e-01
37 1   5.478566671364170e-01
38 1   4.718469657141164e-01
39 1   4.199903669773870e-01
40 1   3.953671556651394e-01
41 1   3.815768238506731e-01
42 1   3.713175608444144e-01
43 1   3.621583207766912e-01
44 1   3.543619310802182e-01
45 1   3.457994736286198e-01
46 1   3.378140503203235e-01
47 1   3.294381017050800e-01
48 1   3.206594603743020e-01
49 1   3.123226391583197e-01
50 1   3.252149997182486e-01
51 1   2.986227821856066e-01
52 1   2.821565989301280e-01
53 1   2.699031050407526e-01
54 1   2.596962031039044e-01
55 1   2.506041172205760e-01
56 1   2.415665522860944e-01
57 1   2.338711116401226e-01
58 1   2.261748177349535e-01
59 1   2.185684745043187e-01
60 1   2.118450317928860e-01
61 1   2.054486061234994e-01
62 1   1.992613575860058e-01
63 1   1.930719605434425e-01
64 1   1.978073223518412e-01
65 1   2.195057313857351e-01
66 1   2.522989799040466e-01
67 1   2.926173873148513e-01
68 1   1.974118204034764e-01
69 1   3.358118794370887e-01
70 1   4.451649163347889e-01
71 1   5.421125915479219e-01
72 1   6.384220068020152e-01
73 1   7.336922158778910e-01
74 1   9.455170123555201e-01
75 1   1.041802506202024e+00
76 1   1.008201844986256e+00
77 1   1.096990653229093e+00
78 1   1.147366297723268e+00
79 1   1.155483782943473e+00
80 1   1.127840643199935e+00
81 1   1.067285282715777e+00
82 1   9.860927370456488e-01
83 1   8.939894617815515e-01
84 1   7.836719014910237e-01
85 1   6.541492962966087e-01
86 1   5.259523177913066e-01
87 1   4.313568985996191e-01
88 1   3.799724454514145e-01
89 1   3.488913608427123e-01
90 1   3.278341249978309e-01
91 1   3.133628572537165e-01
92 1   3.027519810856231e-01
93 1   2.937218091371635e-01
94 1   2.866454790865974e-01
95 1   2.806611273009417e-01
96 1   2.748743894964805e-01
97 1   2.693367838558912e-01
98 1   2.860874756128468e-01
99 1   2.853934811361744e-01
100 1   2.822171712982511e-01
101 1   2.775405301720270e-01
102 1   2.725711629313701e-01
103 1   2.666120600024442e-01
104 1   2.602181250015447e-01
105 1   2.535532572764322e-01
106 1   2.474783631108267e-01
107 1   2.411632424793581e-01
108 1   2.348460365034719e-01
109 1   2.285783224119739e-01
110 1   2.222606241596902e-01
111 1   2.154310702429769e-01
112 1   2.253655275390326e-01
113 1   2.609300670601317e-01
114 1   3.145448334733700e-01
115 1   3.820047593457579e-01
116 1   4.627421856233061e-01
117 1   5.554894976783948e-01
118 1   6.592715291448010e-01
119 1   7.757112570258848e-01
120 1   8.828765631527503e-01
121 1   9.935533566810678e-01
122 1   1.108240588414032e+00
123 1   1.210122652415130e+00
124 1   1.115244347180688e+00
125 1   1.102486382025569e+00
126 1   1.107255366712585e+00
127 1   1.103934356284767e+00
128 1   1.052287781351302e+00
129 1   9.660013166168124e-01
130 1   8.558639985834611e-01
131 1   7.375362737109326e-01
132 1   6.226200414379257e-01
133 1   5.202068548202756e-01
134 1   4.395910571199596e-01
135 1   3.708922849780986e-01
136 1   3.223212627509829e-01
137 1   2.882460281975488e-01
138 1   2.632066086320209e-01
139 1   2.490598136153634e-01
140 1   2.401180772573372e-01
141 1   2.324870104610936e-01
142 1   2.256231461485055e-01
143 1   2.168697405319122e-01
144 1   2.076082658381068e-01
145 1   2.022998652991758e-01
146 1   2.320127703523770e-01
147 1   2.272811900402146e-01
148 1   2.259973223409658e-01
149 1   2.264181762381223e-01
150 1   2.268764168396266e-01
151 1   2.259397774663091e-01
152 1   2.238714405702702e-01
153 1   2.200689442093255e-01
154 1   2.153162854626741e-01
155 1   2.103353597283766e-01
156 1   2.067583996144004e-01
157 1   2.056910297979443e-01
158 1   2.130732410185160e-01
159 1   2.320348641500610e-01
160 1   2.743790439965555e-01
161 1   3.266644387714485e-01
162 1   3.953023169411046e-01
163 1   4.764224252168388e-01
164 1   5.686660845747232e-01
165 1   6.497748654286138e-01
166 1   7.338150036879459e-01
167 1   8.180151991429359e-01
168 1   9.020555232278076e-01
169 1   9.842657886766041e-01
170 1   1.057962738031650e+00
171 1   1.231391686184441e+00
172 1   1.347051892882598e+00
173 1   1.421943228635181e+00
174 1   1.464475170620706e+00
175 1   1.464773295257500e+00
176 1   1.418222238145378e+00
177 1   1.339483362280364e+00
178 1   1.232747656340399e+00
179 1   1.105481334728324e+00
180 1   9.637691110635375e-01
181 1   8.124199074631093e-01
182 1   6.554137991284152e-01
183 1   5.296687496527172e-01
184 1   4.662798300276060e-01
185 1   4.298494612573026e-01
186 1   4.086948502774576e-01
187 1   3.947443465515805e-01
188 1   3.826189878435354e-01
189 1   3.733046444674679e-01
190 1   3.659029730930139e-01
191 1   3.621320738737824e-01
192 1   3.594519924257253e-01
193 1   3.568899058438342e-01
194 1   3.902001214373928e-01
195 1   3.888358479260589e-01
196 1   3.862180782893558e-01
197 1   3.825109237876980e-01
198 1   3.781150577102427e-01
199 1   3.741631093171642e-01
200 1   3.693047383246309e-01
201 1   3.636243975073753e-01
202 1   3.572224124699436e-01
203 1   3.506004182407832e-01
204 1   3.441080765403133e-01
205 1   3.370251290103793e-01
206 1   3.294012617051038e-01
207 1   3.200124202061277e-01
208 1   3.416813023914935e-01
209 1   4.066602935054440e-01
210 1   4.993540624085249e-01
211 1   6.156295170757033e-01
212 1   7.315553584185248e-01
213 1   8.522831407169111e-01
214 1   9.923012494025455e-01
215 1   1.133453619397933e+00
216 1   1.284547300323601e+00
217 1   1.439999522788782e+00
218 1   1.598137532685315e+00
219 1   1.736005592443241e+00
220 1   1.605782486636596e+00
221 1   1.620446235057504e+00
222 1   1.641918308631928e+00
223 1   1.651778423654169e+00
224 1   1.557559352250998e+00
225 1   1.420964632607803e+00
226 1   1.244423923095053e+00
227 1   1.053593669713706e+00
228 1   8.795474509820904e-01
229 1   6.970834018101326e-01
230 1   5.865192170077012e-01
231 1   5.081103826223922e-01
232 1   4.419458382723929e-01
233 1   3.910224712594523e-01
234 1   3.655551309882196e-01
235 1   3.571004820635638e-01
236 1   3.592468906014412e-01
237 1   3.644782879345543e-01
238 1   3.465497875522553e-01
239 1   3.204930292821273e-01
240 1   3.014872225127255e-01
241 1   2.895756626384645e-01
242 1   4.598912239756138e-01
243 1   4.780006190345265e-01
244 1   4.714731399201656e-01
245 1   4.689021877416309e-01
246 1   4.647711967614627e-01
247 1   4.683127508280830e-01
248 1   4.585069538310305e-01
249 1   4.464877744572323e-01
250 1   4.331171734119423e-01
251 1   4.319052683500831e-01
252 1   4.475677377930991e-01
253 1   4.584126113598843e-01
254 1   4.651098757524950e-01
255 1   4.523514081633530e-01
256 1   5.533963776563462e-01
257 1   6.916507024391101e-01
258 1   8.680748150051759e-01
259 1   1.113839395826036e+00
260 1   1.391455064847607e+00
261 1   1.670233318343671e+00
262 1   1.935047307069189e+00
263 1   2.201755407624377e+00
264 1   2.446928881757411e+00
265 1   2.701594731697070e+00
266 1   2.906954529802540e+00
267 1   3.112105515782981e+00
268 1   3.240519832276114e+00
269 1   3.346935738677600e+00
270 1   3.380327717631552e+00
271 1   3.375822487705533e+00
272 1   3.257245702695688e+00
273 1   3.115209254154518e+00
274 1   2.923767117639541e+00
275 1   2.675017151563072e+00
276 1   2.390560293357714e+00
277 1   2.051140622123838e+00
278 1   1.800752134535810e+00
279 1   1.518699320675251e+00
280 1   1.307058437517529e+00
281 1   1.199532177290157e+00
282 1   1.118316829531859e+00
283 1   1.061545313995605e+00
284 1   1.005575834389243e+00
285 1   9.599201062637487e-01
286 1   9.274937437273842e-01
287 1   8.905598200183120e-01
288 1   8.540275852326011e-01
289 1   8.315673502753048e-01
290 1   8.071444827921567e-01
291 1   8.309989639841909e-01
292 1   8.424094056082908e-01
293 1   8.637794102906309e-01
294 1   8.886550781889780e-01
295 1   9.329776029961934e-01
296 1   9.739570161033997e-01
297 1   9.475691732687834e-01
298 1   8.744872210556023e-01
299 1   9.010750594440716e-01
300 1   9.216763054184194e-01
301 1   9.267117636664328e-01
302 1   9.421541549190291e-01
303 1   9.377101752638776e-01
304 1   1.023497124246969e+00
305 1   1.093763285955806e+00
306 1   1.255329898279538e+00
307 1   1.522473564587776e+00
308 1   1.750875052233121e+00
309 1   1.949012343132977e+00
310 1   2.079048849020305e+00
311 1   2.192533726264667e+00
312 1   2.392452080379571e+00
313 1   2.668048663159565e+00
314 1   2.910997639305853e+00
315 1   2.984229334063802e+00
316 1   3.025196349841866e+00
317 1   3.132719288874683e+00
318 1   3.112647667592553e+00
319 1   3.036862603417549e+00
320 1   2.980288513495995e+00
321 1   2.951569522482769e+00
322 1   2.809010987163254e+00
323 1   2.613404761115438e+00
324 1   2.386379875418265e+00
325 1   2.124833494883808e+00
326 1   1.934573637282847e+00
327 1   1.726080009090347e+00
328 1   1.558439775624343e+00
329 1   1.445594418271640e+00
330 1   1.353277090469494e+00
331 1   1.261796849788680e+00
332 1   1.179826092977208e+00
333 1   1.123786728711638e+00
334 1   1.073507872841391e+00
335 1   1.035422768963366e+00
336 1   9.915172858420025e-01
337 1   9.317077330454724e-01
338 1   8.802700575719143e-01
