1 1   0.000000000000000e+00
2 1   2.730000000000000e+02
3 1   2.692594859688539e+02
4 1   2.668230868524242e+02
5 1   2.654062707299946e+02
6 1   2.644169868179182e+02
7 1   2.636486958146550e+02
8 1   2.630088111241876e+02
9 1   2.624535503404754e+02
10 1   2.619832988778841e+02
11 1   2.615989541468426e+02
12 1   2.612800460414743e+02
13 1   2.610222852608885e+02
14 1   2.608269266955171e+02
15 1   2.608141542106000e+02
16 1   2.607516055849333e+02
17 1   2.607700892838526e+02
18 1   2.627528770023138e+02
19 1   2.642237510987256e+02
20 1   2.655344389353846e+02
21 1   2.667926141321330e+02
22 1   2.680133493077197e+02
23 1   2.691775876648509e+02
24 1   2.702544786957625e+02
25 1   2.712103124053218e+02
26 1   2.720051716105440e+02
27 1   2.726141207628594e+02
28 1   2.730229974306584e+02
29 1   2.732086643563821e+02
30 1   2.731677127871674e+02
31 1   2.729097763623150e+02
32 1   2.724856397176418e+02
33 1   2.719178138477946e+02
34 1   2.712200080431464e+02
35 1   2.704036024277046e+02
36 1   2.694799036352665e+02
37 1   2.684607116308556e+02
38 1   2.676415258147087e+02
39 1   2.671145830876081e+02
40 1   2.666908577034233e+02
41 1   2.662990441970935e+02
42 1   2.659120439284426e+02
43 1   2.655198040470155e+02
44 1   2.651190941151747e+02
45 1   2.647096311338245e+02
46 1   2.642924331986001e+02
47 1   2.638692655353835e+02
48 1   2.634423251081694e+02
49 1   2.630140840474547e+02
50 1   2.622616914029445e+02
51 1   2.616923391102873e+02
52 1   2.612095123046889e+02
53 1   2.607746714934214e+02
54 1   2.603730955571460e+02
55 1   2.600000001726095e+02
56 1   2.596547424600443e+02
57 1   2.593382993173753e+02
58 1   2.590522587289468e+02
59 1   2.587982831411879e+02
60 1   2.585779258905094e+02
61 1   2.583924868695661e+02
62 1   2.582429989492156e+02
63 1   2.584884808718240e+02
64 1   2.592822302698947e+02
65 1   2.603985659321304e+02
66 1   2.617201431312546e+02
67 1   2.603462944020948e+02
68 1   2.636482622324639e+02
69 1   2.659562342148448e+02
70 1   2.678181109122033e+02
71 1   2.694788965003750e+02
72 1   2.709678245895840e+02
73 1   2.722595766249158e+02
74 1   2.730715085244536e+02
75 1   2.745211098981845e+02
76 1   2.754392044001223e+02
77 1   2.759064094701382e+02
78 1   2.759750466034036e+02
79 1   2.757427412063711e+02
80 1   2.752336708758650e+02
81 1   2.745178311479412e+02
82 1   2.736588065568174e+02
83 1   2.726169163190796e+02
84 1   2.713946152480402e+02
85 1   2.700410103830979e+02
86 1   2.688895149465240e+02
87 1   2.681461428874230e+02
88 1   2.676026771320680e+02
89 1   2.671611243538049e+02
90 1   2.667821215335862e+02
91 1   2.664414900471209e+02
92 1   2.661213103058726e+02
93 1   2.658145108775433e+02
94 1   2.655170691085964e+02
95 1   2.652265434748956e+02
96 1   2.649434301418864e+02
97 1   2.646659062762806e+02
98 1   2.644549217075424e+02
99 1   2.642189481527546e+02
100 1   2.639719660738925e+02
101 1   2.637197465778547e+02
102 1   2.634701497361661e+02
103 1   2.632322866552877e+02
104 1   2.630088180252228e+02
105 1   2.627994136812565e+02
106 1   2.626069384298983e+02
107 1   2.624363294391810e+02
108 1   2.622883211986715e+02
109 1   2.621618389934772e+02
110 1   2.620588913803279e+02
111 1   2.623969507541868e+02
112 1   2.633374952593528e+02
113 1   2.646381703325508e+02
114 1   2.661465152834305e+02
115 1   2.677729389020537e+02
116 1   2.694504372726951e+02
117 1   2.711358071630878e+02
118 1   2.727822266892803e+02
119 1   2.743933362810540e+02
120 1   2.759282952504277e+02
121 1   2.773276240239186e+02
122 1   2.784885525555493e+02
123 1   2.781914155767194e+02
124 1   2.783274618656093e+02
125 1   2.784436843125272e+02
126 1   2.784145207576667e+02
127 1   2.780404774488573e+02
128 1   2.773782967674501e+02
129 1   2.764952929848951e+02
130 1   2.754743600683651e+02
131 1   2.743931506847051e+02
132 1   2.733323430865093e+02
133 1   2.724728158504358e+02
134 1   2.716971436892940e+02
135 1   2.710519233118745e+02
136 1   2.704982238874603e+02
137 1   2.700173622847197e+02
138 1   2.696120932057533e+02
139 1   2.692641677558460e+02
140 1   2.689273607872879e+02
141 1   2.685856103255632e+02
142 1   2.682301839648339e+02
143 1   2.678693703357775e+02
144 1   2.675140130365368e+02
145 1   2.672041235094864e+02
146 1   2.668776770342062e+02
147 1   2.665997444831892e+02
148 1   2.663699121287959e+02
149 1   2.661657219619307e+02
150 1   2.659638411396558e+02
151 1   2.657568495748511e+02
152 1   2.655485046428782e+02
153 1   2.653495805565845e+02
154 1   2.651731304419763e+02
155 1   2.650432549735704e+02
156 1   2.649730640011709e+02
157 1   2.650568804078854e+02
158 1   2.653488625632288e+02
159 1   2.661106190140430e+02
160 1   2.670934475370238e+02
161 1   2.683243863059885e+02
162 1   2.697054115624981e+02
163 1   2.711646025827878e+02
164 1   2.724636343981336e+02
165 1   2.738544285855046e+02
166 1   2.752542303778510e+02
167 1   2.765728644775542e+02
168 1   2.777853104865108e+02
169 1   2.788215331788109e+02
170 1   2.803526548828287e+02
171 1   2.813484941853734e+02
172 1   2.819671302557755e+02
173 1   2.822603266158069e+02
174 1   2.822428528075159e+02
175 1   2.819560796154115e+02
176 1   2.814550971240651e+02
177 1   2.807658206006079e+02
178 1   2.799032738267240e+02
179 1   2.788779558962447e+02
180 1   2.776977859145700e+02
181 1   2.763675872950676e+02
182 1   2.751683853341339e+02
183 1   2.744100602952961e+02
184 1   2.738571800077920e+02
185 1   2.734110842057882e+02
186 1   2.730264037555808e+02
187 1   2.726798508675207e+02
188 1   2.723586696107906e+02
189 1   2.720553857510081e+02
190 1   2.717654235481530e+02
191 1   2.714858393297754e+02
192 1   2.712147601183447e+02
193 1   2.709510310147684e+02
194 1   2.706944049149117e+02
195 1   2.704415720653617e+02
196 1   2.701952609362552e+02
197 1   2.699571775179583e+02
198 1   2.697288240332338e+02
199 1   2.695115881478858e+02
200 1   2.693068011793106e+02
201 1   2.691157019707285e+02
202 1   2.689393895412266e+02
203 1   2.687788230969364e+02
204 1   2.686347626889892e+02
205 1   2.685077738190517e+02
206 1   2.683982065524513e+02
207 1   2.687823035949300e+02
208 1   2.697580408999962e+02
209 1   2.710664749598582e+02
210 1   2.725528650963753e+02
211 1   2.741334093175100e+02
212 1   2.757521691114741e+02
213 1   2.774350405482729e+02
214 1   2.790286636485271e+02
215 1   2.805565579737339e+02
216 1   2.819930162777015e+02
217 1   2.832900416672424e+02
218 1   2.843555785101724e+02
219 1   2.840001513656529e+02
220 1   2.842427737153428e+02
221 1   2.843997175214784e+02
222 1   2.844334761955989e+02
223 1   2.839377438031961e+02
224 1   2.831746084148352e+02
225 1   2.821343929676356e+02
226 1   2.809232508933808e+02
227 1   2.796979265091437e+02
228 1   2.782732402008478e+02
229 1   2.772366726936032e+02
230 1   2.763858632345393e+02
231 1   2.756137995832374e+02
232 1   2.748267220339861e+02
233 1   2.742274006645350e+02
234 1   2.737678470828114e+02
235 1   2.733937911236162e+02
236 1   2.730804782041600e+02
237 1   2.726225876874963e+02
238 1   2.720765373060514e+02
239 1   2.715741128469268e+02
240 1   2.711038069675474e+02
241 1   2.706749365149782e+02
242 1   2.705475704414442e+02
243 1   2.705257502024907e+02
244 1   2.706546584192601e+02
245 1   2.707713793673817e+02
246 1   2.708903274741015e+02
247 1   2.708701261042530e+02
248 1   2.707622750362776e+02
249 1   2.706392429377635e+02
250 1   2.705048477217443e+02
251 1   2.705524183150252e+02
252 1   2.707290622352594e+02
253 1   2.708755374039263e+02
254 1   2.710100973078668e+02
255 1   2.722181708131968e+02
256 1   2.736803209265219e+02
257 1   2.754238696720473e+02
258 1   2.773845790386127e+02
259 1   2.793764652076089e+02
260 1   2.812623311690248e+02
261 1   2.828921378372847e+02
262 1   2.843975361605039e+02
263 1   2.856957216156269e+02
264 1   2.869179481364441e+02
265 1   2.878621694550909e+02
266 1   2.886886178788019e+02
267 1   2.891933840289400e+02
268 1   2.895521660473440e+02
269 1   2.896403325878701e+02
270 1   2.895848749506368e+02
271 1   2.891064706079652e+02
272 1   2.884137578341748e+02
273 1   2.874973095282028e+02
274 1   2.863883234738445e+02
275 1   2.850765313841463e+02
276 1   2.834268899161115e+02
277 1   2.820783024508696e+02
278 1   2.808543688590933e+02
279 1   2.799294946044323e+02
280 1   2.792189060942862e+02
281 1   2.786579844146318e+02
282 1   2.781990366523009e+02
283 1   2.777289695528905e+02
284 1   2.772552428959241e+02
285 1   2.768740702762974e+02
286 1   2.765614963374662e+02
287 1   2.762559144276039e+02
288 1   2.759523878342083e+02
289 1   2.756186841556959e+02
290 1   2.755788502788412e+02
291 1   2.754466291486452e+02
292 1   2.752598704759420e+02
293 1   2.751039676967334e+02
294 1   2.749731184160354e+02
295 1   2.748128198757270e+02
296 1   2.746273840333382e+02
297 1   2.743574574092419e+02
298 1   2.740515811481192e+02
299 1   2.738605281639536e+02
300 1   2.737700784243704e+02
301 1   2.738177139374048e+02
302 1   2.739732689715337e+02
303 1   2.749188939229789e+02
304 1   2.757281380228465e+02
305 1   2.771925149461108e+02
306 1   2.790781811443198e+02
307 1   2.805419207411070e+02
308 1   2.817538317469837e+02
309 1   2.825276942558163e+02
310 1   2.830733835227932e+02
311 1   2.840347651527047e+02
312 1   2.851631167280039e+02
313 1   2.860583104202069e+02
314 1   2.868525694848819e+02
315 1   2.875091525764123e+02
316 1   2.881028837106431e+02
317 1   2.881729807625351e+02
318 1   2.880083677400962e+02
319 1   2.879166906189419e+02
320 1   2.878502092804918e+02
321 1   2.873081368147322e+02
322 1   2.864868349262337e+02
323 1   2.854785433538546e+02
324 1   2.842716175286435e+02
325 1   2.833489746084657e+02
326 1   2.825125031308829e+02
327 1   2.818497530167700e+02
328 1   2.812917218932649e+02
329 1   2.808236348303079e+02
330 1   2.803961878039549e+02
331 1   2.800091331272972e+02
332 1   2.796414253340249e+02
333 1   2.793095441736085e+02
334 1   2.789987544411977e+02
335 1   2.786356494234894e+02
336 1   2.782373174978210e+02
337 1   2.778861296662894e+02
338 1   2.772057907776634e+02
