1 1   0.000000000000000e+00
2 1   2.730000000000000e+02
3 1   2.679312335785095e+02
4 1   2.651126222383061e+02
5 1   2.636343631557115e+02
6 1   2.626667691826889e+02
7 1   2.619406456208342e+02
8 1   2.613479827605668e+02
9 1   2.608435258143042e+02
10 1   2.604154032672189e+02
11 1   2.600584796221960e+02
12 1   2.597630172068274e+02
13 1   2.595351521513460e+02
14 1   2.593790916430110e+02
15 1   2.594688773392443e+02
16 1   2.594679489394359e+02
17 1   2.595448636392158e+02
18 1   2.628739551021942e+02
19 1   2.648609240247854e+02
20 1   2.664823216376020e+02
21 1   2.679871979496157e+02
22 1   2.694156770954664e+02
23 1   2.707488154252804e+02
24 1   2.719523091629305e+02
25 1   2.729894711819701e+02
26 1   2.738137338663062e+02
27 1   2.744277568982097e+02
28 1   2.747797429713092e+02
29 1   2.748571943591229e+02
30 1   2.746515755879030e+02
31 1   2.742047305072178e+02
32 1   2.735742083784158e+02
33 1   2.727807961562711e+02
34 1   2.718372606311526e+02
35 1   2.707551546102476e+02
36 1   2.695461927018165e+02
37 1   2.682225550350588e+02
38 1   2.672272623664661e+02
39 1   2.666670707903275e+02
40 1   2.662328865414654e+02
41 1   2.658288064769638e+02
42 1   2.654248506117806e+02
43 1   2.650121456571649e+02
44 1   2.645888966403411e+02
45 1   2.641558591939329e+02
46 1   2.637148297402319e+02
47 1   2.632681357755878e+02
48 1   2.628184363748871e+02
49 1   2.623685928959838e+02
50 1   2.613559842772408e+02
51 1   2.606893777233306e+02
52 1   2.601637636960534e+02
53 1   2.597057676980552e+02
54 1   2.592894599568272e+02
55 1   2.589065687612706e+02
56 1   2.585554394758817e+02
57 1   2.582367894093544e+02
58 1   2.579521466515579e+02
59 1   2.577031253982929e+02
60 1   2.574912054300413e+02
61 1   2.573175632890044e+02
62 1   2.571830460146159e+02
63 1   2.576686352229167e+02
64 1   2.589736649981072e+02
65 1   2.606437971747492e+02
66 1   2.624811607848932e+02
67 1   2.600583512060399e+02
68 1   2.653932120881762e+02
69 1   2.682451264089087e+02
70 1   2.703576335078045e+02
71 1   2.722219582307468e+02
72 1   2.738638039321397e+02
73 1   2.752383233022418e+02
74 1   2.758536341103185e+02
75 1   2.778476337019256e+02
76 1   2.788029151071402e+02
77 1   2.791065823803326e+02
78 1   2.789055227580625e+02
79 1   2.783673792451834e+02
80 1   2.774973320201704e+02
81 1   2.764003202808990e+02
82 1   2.751608015327330e+02
83 1   2.736852980904511e+02
84 1   2.719718779125270e+02
85 1   2.700836857112925e+02
86 1   2.685312585407671e+02
87 1   2.676210691408998e+02
88 1   2.669779729701060e+02
89 1   2.664383113113322e+02
90 1   2.660001441217423e+02
91 1   2.656228840011483e+02
92 1   2.652610364725887e+02
93 1   2.649061389496748e+02
94 1   2.645519626033641e+02
95 1   2.641911500677887e+02
96 1   2.638322772842986e+02
97 1   2.634549728065997e+02
98 1   2.633096279500194e+02
99 1   2.631184045079198e+02
100 1   2.629060397560278e+02
101 1   2.626896661387408e+02
102 1   2.624735174976474e+02
103 1   2.622585909876437e+02
104 1   2.620513012791018e+02
105 1   2.618587089873957e+02
106 1   2.616832523328972e+02
107 1   2.615235572850899e+02
108 1   2.613810546146395e+02
109 1   2.612588588273156e+02
110 1   2.611527711270867e+02
111 1   2.617841213269288e+02
112 1   2.633864857003653e+02
113 1   2.653843683688224e+02
114 1   2.675199770848009e+02
115 1   2.696808222493199e+02
116 1   2.718008477864120e+02
117 1   2.738533467764772e+02
118 1   2.757946706952658e+02
119 1   2.776748621771122e+02
120 1   2.794413684985022e+02
121 1   2.810119473488871e+02
122 1   2.822268459402405e+02
123 1   2.812648196177616e+02
124 1   2.813059093838642e+02
125 1   2.813274615735795e+02
126 1   2.811353998528098e+02
127 1   2.804580437307371e+02
128 1   2.794117801259576e+02
129 1   2.781113614945813e+02
130 1   2.766781733394824e+02
131 1   2.751973148967501e+02
132 1   2.737700150236765e+02
133 1   2.726462492781902e+02
134 1   2.716407869717646e+02
135 1   2.708139025608211e+02
136 1   2.700990979781257e+02
137 1   2.694750347107929e+02
138 1   2.689642765588295e+02
139 1   2.685433286718003e+02
140 1   2.681252973381281e+02
141 1   2.676795223447409e+02
142 1   2.671881652913557e+02
143 1   2.666710906055616e+02
144 1   2.661549514130137e+02
145 1   2.657233323860543e+02
146 1   2.653207094534908e+02
147 1   2.650160193377448e+02
148 1   2.648361870126421e+02
149 1   2.647273552112038e+02
150 1   2.646091656862530e+02
151 1   2.644474507146256e+02
152 1   2.642502331659412e+02
153 1   2.640528367573315e+02
154 1   2.639002369597883e+02
155 1   2.638228817868871e+02
156 1   2.638331388194634e+02
157 1   2.640973592118490e+02
158 1   2.646997424856444e+02
159 1   2.660326032691448e+02
160 1   2.676443497752729e+02
161 1   2.694952605407040e+02
162 1   2.714226704677184e+02
163 1   2.733352864667444e+02
164 1   2.748040191327672e+02
165 1   2.764623925840273e+02
166 1   2.781146696217061e+02
167 1   2.796221807786535e+02
168 1   2.809687179235195e+02
169 1   2.820636587551369e+02
170 1   2.839424688679856e+02
171 1   2.849173233659277e+02
172 1   2.854057120826836e+02
173 1   2.855068094234448e+02
174 1   2.852413524061082e+02
175 1   2.846672836830776e+02
176 1   2.838553758790674e+02
177 1   2.828293141534467e+02
178 1   2.816000633260375e+02
179 1   2.801738638401162e+02
180 1   2.785528742822301e+02
181 1   2.767317313388620e+02
182 1   2.751435841831474e+02
183 1   2.742507593172376e+02
184 1   2.736326008240812e+02
185 1   2.731442716140946e+02
186 1   2.727257639646659e+02
187 1   2.723485384290060e+02
188 1   2.719979069391831e+02
189 1   2.716657743132646e+02
190 1   2.713474096386520e+02
191 1   2.710400127278144e+02
192 1   2.707418851840108e+02
193 1   2.704520260903618e+02
194 1   2.701672504643539e+02
195 1   2.698883091414741e+02
196 1   2.696184115701869e+02
197 1   2.693591247743470e+02
198 1   2.691118884640094e+02
199 1   2.688780481332749e+02
200 1   2.686588640039349e+02
201 1   2.684555169788939e+02
202 1   2.682690660304704e+02
203 1   2.681004414499826e+02
204 1   2.679503829897815e+02
205 1   2.678194336974269e+02
206 1   2.677079362384246e+02
207 1   2.684475090627932e+02
208 1   2.701368326969884e+02
209 1   2.721561039138869e+02
210 1   2.742509103932146e+02
211 1   2.763373452480086e+02
212 1   2.783758480520675e+02
213 1   2.804802947210353e+02
214 1   2.823601809092242e+02
215 1   2.841347845583182e+02
216 1   2.857810091456731e+02
217 1   2.872312510517492e+02
218 1   2.883366034895771e+02
219 1   2.873133357481971e+02
220 1   2.874898807484627e+02
221 1   2.875938378231417e+02
222 1   2.875499274391984e+02
223 1   2.866591532497512e+02
224 1   2.854611458032531e+02
225 1   2.839241777738586e+02
226 1   2.822117728728642e+02
227 1   2.805841338088405e+02
228 1   2.786765826776747e+02
229 1   2.773642164810723e+02
230 1   2.762995220777736e+02
231 1   2.753235920945172e+02
232 1   2.742624785437758e+02
233 1   2.734923501242970e+02
234 1   2.729466188565672e+02
235 1   2.725391719182500e+02
236 1   2.722331019701394e+02
237 1   2.716343648400631e+02
238 1   2.708522902159808e+02
239 1   2.701420576442046e+02
240 1   2.694860138485705e+02
241 1   2.688989788324778e+02
242 1   2.687761262036657e+02
243 1   2.688238875259119e+02
244 1   2.691423416954387e+02
245 1   2.694390046829879e+02
246 1   2.697342332553362e+02
247 1   2.697797074999851e+02
248 1   2.696672134256452e+02
249 1   2.695253635296876e+02
250 1   2.693615715446097e+02
251 1   2.695109049779543e+02
252 1   2.698759661133146e+02
253 1   2.701792108655481e+02
254 1   2.704700829091727e+02
255 1   2.725279091110883e+02
256 1   2.750424480530355e+02
257 1   2.779537658687046e+02
258 1   2.806218059151607e+02
259 1   2.829037853740865e+02
260 1   2.849653213883198e+02
261 1   2.866860935741307e+02
262 1   2.882804138305789e+02
263 1   2.896789483008493e+02
264 1   2.910379293711889e+02
265 1   2.919985066451001e+02
266 1   2.928471857525854e+02
267 1   2.932085146887269e+02
268 1   2.934212366028940e+02
269 1   2.933314475467764e+02
270 1   2.931165108065137e+02
271 1   2.922479592446800e+02
272 1   2.911441800061217e+02
273 1   2.898260809794845e+02
274 1   2.883029772472888e+02
275 1   2.865612214404170e+02
276 1   2.843763413405114e+02
277 1   2.826296897309924e+02
278 1   2.810321369662488e+02
279 1   2.798756222958914e+02
280 1   2.790255429856091e+02
281 1   2.783798567214312e+02
282 1   2.778699704273545e+02
283 1   2.773211647602625e+02
284 1   2.767471463717063e+02
285 1   2.763149271268213e+02
286 1   2.759867751160989e+02
287 1   2.756417806362037e+02
288 1   2.752807199866321e+02
289 1   2.748669961685072e+02
290 1   2.748831633128613e+02
291 1   2.747529869198331e+02
292 1   2.745338228351100e+02
293 1   2.743677719337592e+02
294 1   2.742434503596260e+02
295 1   2.740572960831013e+02
296 1   2.738226919437288e+02
297 1   2.734472481259562e+02
298 1   2.730167310436351e+02
299 1   2.727717311062111e+02
300 1   2.726887104850319e+02
301 1   2.728468568501522e+02
302 1   2.731887011830268e+02
303 1   2.748073033839427e+02
304 1   2.762639753420711e+02
305 1   2.788072957037220e+02
306 1   2.818576830366418e+02
307 1   2.835931974707744e+02
308 1   2.848360003952503e+02
309 1   2.854710526246869e+02
310 1   2.858870894538886e+02
311 1   2.869634431735839e+02
312 1   2.882212112154964e+02
313 1   2.891100012563514e+02
314 1   2.898829361178987e+02
315 1   2.905521667937087e+02
316 1   2.911865163387898e+02
317 1   2.909417618616424e+02
318 1   2.904288439209219e+02
319 1   2.901852186628553e+02
320 1   2.900248448051540e+02
321 1   2.891792505731159e+02
322 1   2.880056257806165e+02
323 1   2.866120630460613e+02
324 1   2.849827796054197e+02
325 1   2.838600289490925e+02
326 1   2.828392499243251e+02
327 1   2.820549907563242e+02
328 1   2.814026911384114e+02
329 1   2.808622205499559e+02
330 1   2.803721966841985e+02
331 1   2.799371870242778e+02
332 1   2.795287904474911e+02
333 1   2.791632307076670e+02
334 1   2.788193773050415e+02
335 1   2.783832028597582e+02
336 1   2.778758309820067e+02
337 1   2.774423494850155e+02
338 1   2.765284225483271e+02
