1 1   0.000000000000000e+00
2 1   2.730000000000000e+02
3 1   2.692594859688539e+02
4 1   2.668230868524852e+02
5 1   2.654062707300886e+02
6 1   2.644169868180296e+02
7 1   2.636486958147760e+02
8 1   2.630088111243145e+02
9 1   2.624535503406058e+02
10 1   2.619832988780178e+02
11 1   2.615989541470427e+02
12 1   2.612800460418385e+02
13 1   2.610222852616519e+02
14 1   2.608269266969942e+02
15 1   2.608141542131568e+02
16 1   2.607516055889088e+02
17 1   2.607700892891237e+02
18 1   2.627528770399113e+02
19 1   2.642237511572584e+02
20 1   2.655344390100280e+02
21 1   2.667926142202872e+02
22 1   2.680133494074198e+02
23 1   2.691775877742286e+02
24 1   2.702544788128851e+02
25 1   2.712103125281592e+02
26 1   2.720051717369707e+02
27 1   2.726141208907059e+02
28 1   2.730229975577423e+02
29 1   2.732086644805108e+02
30 1   2.731677129061894e+02
31 1   2.729097764742346e+02
32 1   2.724856398206535e+02
33 1   2.719178139401808e+02
34 1   2.712200081232784e+02
35 1   2.704036024940585e+02
36 1   2.694799036864361e+02
37 1   2.684607116655586e+02
38 1   2.676415258374925e+02
39 1   2.671145831047873e+02
40 1   2.666908577174841e+02
41 1   2.662990442091187e+02
42 1   2.659120439389734e+02
43 1   2.655198040563688e+02
44 1   2.651190941235637e+02
45 1   2.647096311414070e+02
46 1   2.642924332054998e+02
47 1   2.638692655416999e+02
48 1   2.634423251139841e+02
49 1   2.630140840528346e+02
50 1   2.622616914087006e+02
51 1   2.616923391160466e+02
52 1   2.612095123102949e+02
53 1   2.607746714988160e+02
54 1   2.603730955623151e+02
55 1   2.600000001775580e+02
56 1   2.596547424647844e+02
57 1   2.593382993219222e+02
58 1   2.590522587333155e+02
59 1   2.587982831453932e+02
60 1   2.585779258945652e+02
61 1   2.583924868734852e+02
62 1   2.582429989530104e+02
63 1   2.584884808822049e+02
64 1   2.592822302963091e+02
65 1   2.603985659781841e+02
66 1   2.617201431976704e+02
67 1   2.603462944418764e+02
68 1   2.636482623231935e+02
69 1   2.659562343349364e+02
70 1   2.678181110510338e+02
71 1   2.694788966535654e+02
72 1   2.709678247538218e+02
73 1   2.722595767968791e+02
74 1   2.730715086947513e+02
75 1   2.745211100852826e+02
76 1   2.754392045931194e+02
77 1   2.759064096621672e+02
78 1   2.759750467896691e+02
79 1   2.757427413839605e+02
80 1   2.752336710415019e+02
81 1   2.745178312993870e+02
82 1   2.736588066928814e+02
83 1   2.726169164373530e+02
84 1   2.713946153459358e+02
85 1   2.700410104592933e+02
86 1   2.688895150059585e+02
87 1   2.681461429379752e+02
88 1   2.676026771773830e+02
89 1   2.671611243958812e+02
90 1   2.667821215723609e+02
91 1   2.664414900828122e+02
92 1   2.661213103391410e+02
93 1   2.658145109087605e+02
94 1   2.655170691380967e+02
95 1   2.652265435029405e+02
96 1   2.649434301686218e+02
97 1   2.646659063020691e+02
98 1   2.644549217309046e+02
99 1   2.642189481741146e+02
100 1   2.639719660935195e+02
101 1   2.637197465958653e+02
102 1   2.634701497527207e+02
103 1   2.632322866706421e+02
104 1   2.630088180395757e+02
105 1   2.627994136947120e+02
106 1   2.626069384425584e+02
107 1   2.624363294512024e+02
108 1   2.622883212101866e+02
109 1   2.621618390045649e+02
110 1   2.620588913911084e+02
111 1   2.623969507729350e+02
112 1   2.633374952966447e+02
113 1   2.646381703927199e+02
114 1   2.661465153671515e+02
115 1   2.677729390082837e+02
116 1   2.694504373994600e+02
117 1   2.711358073081764e+02
118 1   2.727822268502090e+02
119 1   2.743933364562992e+02
120 1   2.759282954382879e+02
121 1   2.773276242221004e+02
122 1   2.784885527601717e+02
123 1   2.781914157644724e+02
124 1   2.783274620483501e+02
125 1   2.784436844911763e+02
126 1   2.784145209308194e+02
127 1   2.780404776121675e+02
128 1   2.773782969172597e+02
129 1   2.764952931189515e+02
130 1   2.754743601862905e+02
131 1   2.743931507866669e+02
132 1   2.733323431734313e+02
133 1   2.724728159255687e+02
134 1   2.716971437567489e+02
135 1   2.710519233756378e+02
136 1   2.704982239484267e+02
137 1   2.700173623440974e+02
138 1   2.696120932630566e+02
139 1   2.692641678105809e+02
140 1   2.689273608400111e+02
141 1   2.685856103770535e+02
142 1   2.682301840159237e+02
143 1   2.678693703868911e+02
144 1   2.675140130877554e+02
145 1   2.672041235601370e+02
146 1   2.668776770824805e+02
147 1   2.665997445286553e+02
148 1   2.663699121705336e+02
149 1   2.661657219996331e+02
150 1   2.659638411739006e+02
151 1   2.657568496065418e+02
152 1   2.655485046727585e+02
153 1   2.653495805850130e+02
154 1   2.651731304688922e+02
155 1   2.650432549996685e+02
156 1   2.649730640276176e+02
157 1   2.650568804376281e+02
158 1   2.653488626004370e+02
159 1   2.661106190633790e+02
160 1   2.670934476017104e+02
161 1   2.683243863895699e+02
162 1   2.697054116657458e+02
163 1   2.711646027048186e+02
164 1   2.724636345316723e+02
165 1   2.738544287321697e+02
166 1   2.752542305370306e+02
167 1   2.765728646471323e+02
168 1   2.777853106643344e+02
169 1   2.788215333619771e+02
170 1   2.803526550800348e+02
171 1   2.813484943871902e+02
172 1   2.819671304573005e+02
173 1   2.822603268135657e+02
174 1   2.822428529984993e+02
175 1   2.819560797970503e+02
176 1   2.814550972941690e+02
177 1   2.807658207570826e+02
178 1   2.799032739675252e+02
179 1   2.788779560193779e+02
180 1   2.776977860180912e+02
181 1   2.763675873770748e+02
182 1   2.751683853981327e+02
183 1   2.744100603506160e+02
184 1   2.738571800587731e+02
185 1   2.734110842536568e+02
186 1   2.730264038008265e+02
187 1   2.726798509103870e+02
188 1   2.723586696514382e+02
189 1   2.720553857895700e+02
190 1   2.717654235847523e+02
191 1   2.714858393645305e+02
192 1   2.712147601513703e+02
193 1   2.709510310461756e+02
194 1   2.706944049446942e+02
195 1   2.704415720936489e+02
196 1   2.701952609631680e+02
197 1   2.699571775436200e+02
198 1   2.697288240577667e+02
199 1   2.695115881714090e+02
200 1   2.693068012019389e+02
201 1   2.691157019925714e+02
202 1   2.689393895623878e+02
203 1   2.687788231175132e+02
204 1   2.686347627090726e+02
205 1   2.685077738387257e+02
206 1   2.683982065717929e+02
207 1   2.687823036236716e+02
208 1   2.697580409479972e+02
209 1   2.710664750294804e+02
210 1   2.725528651887802e+02
211 1   2.741334094316890e+02
212 1   2.757521692457017e+02
213 1   2.774350407024318e+02
214 1   2.790286638189230e+02
215 1   2.805565581584216e+02
216 1   2.819930164748624e+02
217 1   2.832900418745745e+02
218 1   2.843555787238014e+02
219 1   2.840001515626805e+02
220 1   2.842427739087393e+02
221 1   2.843997177125381e+02
222 1   2.844334763841445e+02
223 1   2.839377439799674e+02
224 1   2.831746085765297e+02
225 1   2.821343931107490e+02
226 1   2.809232510163991e+02
227 1   2.796979266168282e+02
228 1   2.782732402951069e+02
229 1   2.772366727772819e+02
230 1   2.763858633076487e+02
231 1   2.756137996549205e+02
232 1   2.748267221080046e+02
233 1   2.742274007381229e+02
234 1   2.737678471539845e+02
235 1   2.733937911911646e+02
236 1   2.730804782671765e+02
237 1   2.726225877496585e+02
238 1   2.720765373690346e+02
239 1   2.715741129102561e+02
240 1   2.711038070308892e+02
241 1   2.706749365779417e+02
242 1   2.705475705037758e+02
243 1   2.705257502637062e+02
244 1   2.706546584778105e+02
245 1   2.707713794231862e+02
246 1   2.708903275270284e+02
247 1   2.708701261554891e+02
248 1   2.707622750866204e+02
249 1   2.706392429873683e+02
250 1   2.705048477707369e+02
251 1   2.705524183620901e+02
252 1   2.707290622792745e+02
253 1   2.708755374501335e+02
254 1   2.710100973598584e+02
255 1   2.722181708821523e+02
256 1   2.736803210201753e+02
257 1   2.754238697973689e+02
258 1   2.773845791973447e+02
259 1   2.793764653800646e+02
260 1   2.812623313462846e+02
261 1   2.828921380210446e+02
262 1   2.843975363517073e+02
263 1   2.856957218150728e+02
264 1   2.869179483449797e+02
265 1   2.878621696691530e+02
266 1   2.886886180974266e+02
267 1   2.891933842463171e+02
268 1   2.895521662615326e+02
269 1   2.896403327971819e+02
270 1   2.895848751546441e+02
271 1   2.891064707995145e+02
272 1   2.884137580107701e+02
273 1   2.874973096898325e+02
274 1   2.863883236206799e+02
275 1   2.850765315184620e+02
276 1   2.834268900424586e+02
277 1   2.820783025708142e+02
278 1   2.808543689756659e+02
279 1   2.799294947111273e+02
280 1   2.792189061887869e+02
281 1   2.786579845009576e+02
282 1   2.781990367323211e+02
283 1   2.777289696292681e+02
284 1   2.772552429702969e+02
285 1   2.768740703476588e+02
286 1   2.765614964051479e+02
287 1   2.762559144934199e+02
288 1   2.759523878991781e+02
289 1   2.756186842199729e+02
290 1   2.755788503422136e+02
291 1   2.754466292112985e+02
292 1   2.752598705380956e+02
293 1   2.751039677578228e+02
294 1   2.749731184756693e+02
295 1   2.748128199348145e+02
296 1   2.746273840923439e+02
297 1   2.743574574686276e+02
298 1   2.740515812077351e+02
299 1   2.738605282234809e+02
300 1   2.737700784834598e+02
301 1   2.738177139971754e+02
302 1   2.739732690324980e+02
303 1   2.749188939924446e+02
304 1   2.757281381060914e+02
305 1   2.771925150535940e+02
306 1   2.790781812816724e+02
307 1   2.805419208958223e+02
308 1   2.817538319082027e+02
309 1   2.825276944108753e+02
310 1   2.830733836743141e+02
311 1   2.840347653064092e+02
312 1   2.851631168859126e+02
313 1   2.860583105792256e+02
314 1   2.868525696440901e+02
315 1   2.875091527367599e+02
316 1   2.881028838727599e+02
317 1   2.881729809157158e+02
318 1   2.880083678807941e+02
319 1   2.879166907522956e+02
320 1   2.878502094084776e+02
321 1   2.873081369322946e+02
322 1   2.864868350316112e+02
323 1   2.854785434458753e+02
324 1   2.842716176074416e+02
325 1   2.833489746813423e+02
326 1   2.825125031992821e+02
327 1   2.818497530822904e+02
328 1   2.812917219565844e+02
329 1   2.808236348895092e+02
330 1   2.803961878578767e+02
331 1   2.800091331761474e+02
332 1   2.796414253780712e+02
333 1   2.793095442148357e+02
334 1   2.789987544806808e+02
335 1   2.786356494630725e+02
336 1   2.782373175388473e+02
337 1   2.778861297078507e+02
338 1   2.772057908196984e+02
